0 1 0 CA957 1000  9  11
0 1 1 CA985 1000  16  18
0 1 2 T103  250   20  9
0 1 3 T461  250   10  23
0 2 0 CA543 1240  8  11
0 2 1 CA745 1240  14  17	
0 2 2 T15   430  18  16   
0 2 3 T29   430  13  11
0 3 0 CA142 860  12  14
0 3 1 T87   300  22  9
0 4 0 CA478 520  16  17
0 4 1 T91   210  7  16
0 4 2 A2547 160  20  12
0 5 0 T531  22  9    10
0 5 1 T539  22  13   14
0 5 2 A5215 18  10   12
0 5 3 A5217 18  15   17
0 6 0 CA186 800  9  11
0 6 1 T153  270  21  11
0 7 0 CA287 1150  13  16
0 7 1 T7    410  20  17
0 8 0 CA859 1340  13  17
0 9 0 CA217 1210  10  13
1 0 0 CA958 1000  12  14
1 0 1 CA986 1000  19  21
1 0 2 T104  250  21  10
1 0 3 T462  250  7  20
1 2 0 CA258 780  7  9
1 2 1 T118  300  14  6
1 3 0 CA421 640  10  12
1 5 0 T101  260  22  10
1 6 0 CA581 790  21  23
1 6 1 T42   290  16  8
1 9 0 CA574 870  9  12
2 0 0 CA544 1240  7  10
2 0 1 CA746 1240  15  18
2 0 2 T16   430  17  15
2 0 3 T29   430  10  8
2 1 0 CA259 780  17  19
2 1 1 T117  300  18  10
2 5 0 T123  400  9  6
2 6 0 T54   400  16  13
2 7 0 CA147 630  14  16
2 7 1 T57   270  12  8
2 8 0 CA248 900  9  11
2 9 0 A1496 180  7  20
3 0 0 CA143 860  16  18
3 0 1 T88   300  8  19
3 1 0 CA422 640  9  11
3 4 0 A1569 150  9  18
3 6 0 CA771 660  9  11
3 6 1 T83   390  21  7
3 9 0 CA781 1320  15  18
4 0 0 CA479 520  10  11
4 0 1 T92   210  20  5
4 0 2 A2548 160  7  23
4 3 0 A1570 150  10  19
4 5 0 A3698 150  20  11
4 7 0 CA223 1250  7  10
5 0 0 T532  22  10  11
5 0 1 T540  22  19  20
5 0 2 A5216 18  7  9
5 0 3 A5218 18  14  16
5 1 0 T102  260  12  22
5 2 0 T124  400  15  12
5 4 0 A3699 150  12  15
5 6 0 CA335 540  14  16
5 7 0 T25   340  14  11
6 0 0 CA185 800  19  21
6 0 1 T154  270  7  21
6 1 0 CA582 790  10  12
6 1 1 T41   290  20  12
6 2 0 T53   400  11  8
6 3 0 CA772 660  14  16
6 3 1 T84   390  8  22
6 5 0 CA336 540  9  11
6 7 0 T111  230  23  11
6 8 0 CA145 690  15  17
7 0 0 CA288 1150  9  12
7 0 1 T8    410  12  9
7 2 0 CA148 630  11  13
7 2 1 T58   270  18  14
7 4 0 CA224 1250  15  18
7 5 0 T26   340  12  9
7 6 0 T112  230  8  20
7 9 0 A3214 120  20  12
8 0 0 CA860 1340  19  23
8 2 0 CA247 900  19  21
8 6 0 CA146 690  7  9
9 0 0 CA218 1210  9  12
9 1 0 CA573 870  14  17
9 2 0 A1495 180  21  10
9 3 0 CA782 1320  7  10
9 7 0 A3213 120  22  14

